                               Resultados computacionais pelo Método DFP
|               Ponto inicial                |# de iterações| # de cham. Armijo |              Ponto ótimo atual            |   Valor ótimo  |   Erro de aproximação |
|  (0.0000, 0.0000, 0.0000, 0.0000, 0.0000)  |       1      |       2           | (-0.1500, -0.1500, -0.1500, -0.1500, 0.0000)  |    -0.5000     |   2.0000              |
|  (0.0000, 0.0000, 0.0000, 0.0000, 0.0000)  |       2      |       4           | (-0.2184, -0.2184, -0.3322, -0.3322, 0.0000)  |    -0.8245     |   1.4236              |
|  (0.0000, 0.0000, 0.0000, 0.0000, 0.0000)  |       3      |       6           | (-0.2481, -0.2481, -0.4574, -0.4574, 0.0000)  |    -0.9348     |   0.9071              |
|  (0.0000, 0.0000, 0.0000, 0.0000, 0.0000)  |       4      |       8           | (-0.2431, -0.2431, -0.4807, -0.4807, 0.0000)  |    -0.9441     |   0.3588              |
|  (0.0000, 0.0000, 0.0000, 0.0000, 0.0000)  |       5      |       9           | (-0.2204, -0.2204, -0.5174, -0.5174, 0.0000)  |    -0.9488     |   0.2201              |
|  (0.0000, 0.0000, 0.0000, 0.0000, 0.0000)  |       6      |      11           | (-0.2226, -0.2226, -0.5132, -0.5132, 0.0000)  |    -0.9491     |   0.0695              |
|  (0.0000, 0.0000, 0.0000, 0.0000, 0.0000)  |       7      |      13           | (-0.2240, -0.2240, -0.5110, -0.5110, 0.0000)  |    -0.9492     |   0.0368              |
|  (0.0000, 0.0000, 0.0000, 0.0000, 0.0000)  |       8      |      15           | (-0.2247, -0.2247, -0.5097, -0.5097, 0.0000)  |    -0.9493     |   0.0186              |
|  (0.0000, 0.0000, 0.0000, 0.0000, 0.0000)  |       9      |      17           | (-0.2251, -0.2251, -0.5091, -0.5091, 0.0000)  |    -0.9493     |   0.0088              |
|  (0.0000, 0.0000, 0.0000, 0.0000, 0.0000)  |      10      |      19           | (-0.2252, -0.2252, -0.5088, -0.5088, 0.0000)  |    -0.9493     |   0.0042              |
|  (0.0000, 0.0000, 0.0000, 0.0000, 0.0000)  |      11      |      20           | (-0.2253, -0.2253, -0.5084, -0.5084, 0.0000)  |    -0.9493     |   0.0024              |
|  (0.0000, 0.0000, 0.0000, 0.0000, 0.0000)  |      12      |      22           | (-0.2252, -0.2252, -0.5085, -0.5085, 0.0000)  |    -0.9493     |   0.0012              |
|  (0.0000, 0.0000, 0.0000, 0.0000, 0.0000)  |      13      |      24           | (-0.2251, -0.2251, -0.5085, -0.5085, 0.0000)  |    -0.9493     |   0.0005              |
|  (0.0000, 0.0000, 0.0000, 0.0000, 0.0000)  |      14      |      25           | (-0.2251, -0.2251, -0.5085, -0.5085, 0.0000)  |    -0.9493     |   0.0003              |
|  (0.0000, 0.0000, 0.0000, 0.0000, 0.0000)  |      15      |      27           | (-0.2251, -0.2251, -0.5085, -0.5085, 0.0000)  |    -0.9493     |   0.0002              |
|  (0.0000, 0.0000, 0.0000, 0.0000, 0.0000)  |      16      |      28           | (-0.2251, -0.2251, -0.5085, -0.5085, 0.0000)  |    -0.9493     |   0.0001              |

                               Resultados computacionais pelo Método DFP
|               Ponto inicial                |# de iterações| # de cham. Armijo |              Ponto ótimo atual            |   Valor ótimo  |   Erro de aproximação |
|  (2.0000, 2.0000, 2.0000, 2.0000, 2.0000)  |       1      |       5           | (1.9702, 1.9702, 2.0026, 0.9658, 0.9632)  |    29.9980     |   361.7266              |
|  (2.0000, 2.0000, 2.0000, 2.0000, 2.0000)  |       2      |       8           | (1.6468, 1.6468, 1.8449, 0.3252, 0.4227)  |    15.9263     |   38.3544              |
|  (2.0000, 2.0000, 2.0000, 2.0000, 2.0000)  |       3      |      10           | (0.8071, 0.8071, 0.2504, 0.2555, 0.9324)  |    6.2973     |   16.7429              |
|  (2.0000, 2.0000, 2.0000, 2.0000, 2.0000)  |       4      |      12           | (0.3162, 0.3162, 0.2760, -0.2272, 0.5904)  |    1.0669     |   11.8953              |
|  (2.0000, 2.0000, 2.0000, 2.0000, 2.0000)  |       5      |      14           | (-0.0382, -0.0382, 0.1445, -0.3230, 0.5662)  |    -0.2128     |   3.2959              |
|  (2.0000, 2.0000, 2.0000, 2.0000, 2.0000)  |       6      |      16           | (-0.1598, -0.1598, 0.0420, -0.4012, 0.5453)  |    -0.4990     |   1.7627              |
|  (2.0000, 2.0000, 2.0000, 2.0000, 2.0000)  |       7      |      17           | (-0.3744, -0.3744, -0.1942, -0.6557, 0.4510)  |    -0.6962     |   1.2431              |
|  (2.0000, 2.0000, 2.0000, 2.0000, 2.0000)  |       8      |      18           | (-0.1902, -0.1902, -0.0049, -0.7182, 0.3344)  |    -0.8534     |   1.6781              |
|  (2.0000, 2.0000, 2.0000, 2.0000, 2.0000)  |       9      |      20           | (-0.2365, -0.2365, -0.0798, -0.7705, 0.3307)  |    -0.9175     |   0.8291              |
|  (2.0000, 2.0000, 2.0000, 2.0000, 2.0000)  |      10      |      22           | (-0.2517, -0.2517, -0.1238, -0.7997, 0.3302)  |    -0.9356     |   0.5089              |
|  (2.0000, 2.0000, 2.0000, 2.0000, 2.0000)  |      11      |      23           | (-0.2486, -0.2486, -0.1915, -0.8456, 0.3318)  |    -0.9460     |   0.3519              |
|  (2.0000, 2.0000, 2.0000, 2.0000, 2.0000)  |      12      |      25           | (-0.2376, -0.2376, -0.1803, -0.8384, 0.3311)  |    -0.9485     |   0.1812              |
|  (2.0000, 2.0000, 2.0000, 2.0000, 2.0000)  |      13      |      27           | (-0.2322, -0.2322, -0.1766, -0.8364, 0.3307)  |    -0.9490     |   0.0880              |
|  (2.0000, 2.0000, 2.0000, 2.0000, 2.0000)  |      14      |      28           | (-0.2233, -0.2233, -0.1739, -0.8360, 0.3298)  |    -0.9492     |   0.0516              |
|  (2.0000, 2.0000, 2.0000, 2.0000, 2.0000)  |      15      |      30           | (-0.2248, -0.2248, -0.1761, -0.8374, 0.3301)  |    -0.9493     |   0.0286              |
|  (2.0000, 2.0000, 2.0000, 2.0000, 2.0000)  |      16      |      32           | (-0.2253, -0.2253, -0.1771, -0.8380, 0.3303)  |    -0.9493     |   0.0125              |
|  (2.0000, 2.0000, 2.0000, 2.0000, 2.0000)  |      17      |      34           | (-0.2254, -0.2254, -0.1776, -0.8383, 0.3303)  |    -0.9493     |   0.0067              |
|  (2.0000, 2.0000, 2.0000, 2.0000, 2.0000)  |      18      |      35           | (-0.2253, -0.2253, -0.1782, -0.8389, 0.3304)  |    -0.9493     |   0.0045              |
|  (2.0000, 2.0000, 2.0000, 2.0000, 2.0000)  |      19      |      37           | (-0.2252, -0.2252, -0.1782, -0.8388, 0.3303)  |    -0.9493     |   0.0014              |
|  (2.0000, 2.0000, 2.0000, 2.0000, 2.0000)  |      20      |      39           | (-0.2252, -0.2252, -0.1781, -0.8388, 0.3303)  |    -0.9493     |   0.0007              |
|  (2.0000, 2.0000, 2.0000, 2.0000, 2.0000)  |      21      |      40           | (-0.2251, -0.2251, -0.1781, -0.8388, 0.3303)  |    -0.9493     |   0.0004              |
|  (2.0000, 2.0000, 2.0000, 2.0000, 2.0000)  |      22      |      42           | (-0.2251, -0.2251, -0.1781, -0.8388, 0.3303)  |    -0.9493     |   0.0003              |
|  (2.0000, 2.0000, 2.0000, 2.0000, 2.0000)  |      23      |      44           | (-0.2251, -0.2251, -0.1781, -0.8388, 0.3303)  |    -0.9493     |   0.0001              |

                               Resultados computacionais pelo Método DFP
|               Ponto inicial                |# de iterações| # de cham. Armijo |              Ponto ótimo atual            |   Valor ótimo  |   Erro de aproximação |
|  (1.0000, 2.0000, 3.0000, 4.0000, 5.0000)  |       1      |       6           | (0.9963, 1.9915, 3.0380, 0.4561, 1.4182)  |    28.9509     |   4147.1908              |
|  (1.0000, 2.0000, 3.0000, 4.0000, 5.0000)  |       2      |       9           | (0.8615, 1.6775, 2.3153, -0.1257, 1.2105)  |    11.3686     |   32.3730              |
|  (1.0000, 2.0000, 3.0000, 4.0000, 5.0000)  |       3      |      11           | (0.4609, 0.7790, 1.6929, -0.3862, 1.2187)  |    4.0807     |   9.2345              |
|  (1.0000, 2.0000, 3.0000, 4.0000, 5.0000)  |       4      |      13           | (0.0797, 0.2309, 1.5478, -0.5587, 1.0944)  |    1.3851     |   5.2114              |
|  (1.0000, 2.0000, 3.0000, 4.0000, 5.0000)  |       5      |      15           | (-0.1811, -0.0851, 1.4121, -0.6618, 1.0579)  |    0.5392     |   2.7201              |
|  (1.0000, 2.0000, 3.0000, 4.0000, 5.0000)  |       6      |      16           | (-0.4064, -0.4439, 1.0694, -0.9019, 1.0097)  |    0.1397     |   1.4965              |
|  (1.0000, 2.0000, 3.0000, 4.0000, 5.0000)  |       7      |      17           | (-0.2444, -0.3757, 0.8301, -1.0572, 1.0079)  |    -0.4034     |   2.0331              |
|  (1.0000, 2.0000, 3.0000, 4.0000, 5.0000)  |       8      |      19           | (-0.2211, -0.3889, 0.6300, -1.1902, 0.9985)  |    -0.6842     |   1.5351              |
|  (1.0000, 2.0000, 3.0000, 4.0000, 5.0000)  |       9      |      21           | (-0.1930, -0.3678, 0.4892, -1.3068, 0.9835)  |    -0.8457     |   1.2902              |
|  (1.0000, 2.0000, 3.0000, 4.0000, 5.0000)  |      10      |      23           | (-0.1813, -0.3383, 0.4345, -1.3657, 0.9622)  |    -0.9002     |   0.9262              |
|  (1.0000, 2.0000, 3.0000, 4.0000, 5.0000)  |      11      |      24           | (-0.1787, -0.2505, 0.3606, -1.4670, 0.8914)  |    -0.9317     |   0.6879              |
|  (1.0000, 2.0000, 3.0000, 4.0000, 5.0000)  |      12      |      26           | (-0.1942, -0.2537, 0.3990, -1.4315, 0.9061)  |    -0.9452     |   0.4418              |
|  (1.0000, 2.0000, 3.0000, 4.0000, 5.0000)  |      13      |      28           | (-0.2018, -0.2492, 0.4096, -1.4226, 0.9099)  |    -0.9469     |   0.1908              |
|  (1.0000, 2.0000, 3.0000, 4.0000, 5.0000)  |      14      |      30           | (-0.2066, -0.2437, 0.4144, -1.4185, 0.9119)  |    -0.9476     |   0.1426              |
|  (1.0000, 2.0000, 3.0000, 4.0000, 5.0000)  |      15      |      31           | (-0.2175, -0.2274, 0.4216, -1.4117, 0.9167)  |    -0.9483     |   0.1183              |
|  (1.0000, 2.0000, 3.0000, 4.0000, 5.0000)  |      16      |      33           | (-0.2151, -0.2279, 0.4160, -1.4160, 0.9154)  |    -0.9487     |   0.0955              |
|  (1.0000, 2.0000, 3.0000, 4.0000, 5.0000)  |      17      |      34           | (-0.2165, -0.2269, 0.4108, -1.4195, 0.9149)  |    -0.9490     |   0.0721              |
|  (1.0000, 2.0000, 3.0000, 4.0000, 5.0000)  |      18      |      35           | (-0.2245, -0.2251, 0.4122, -1.4178, 0.9158)  |    -0.9491     |   0.0470              |
|  (1.0000, 2.0000, 3.0000, 4.0000, 5.0000)  |      19      |      37           | (-0.2231, -0.2254, 0.4091, -1.4203, 0.9150)  |    -0.9492     |   0.0388              |
|  (1.0000, 2.0000, 3.0000, 4.0000, 5.0000)  |      20      |      38           | (-0.2225, -0.2254, 0.4051, -1.4234, 0.9141)  |    -0.9493     |   0.0214              |
|  (1.0000, 2.0000, 3.0000, 4.0000, 5.0000)  |      21      |      40           | (-0.2236, -0.2252, 0.4061, -1.4225, 0.9144)  |    -0.9493     |   0.0120              |
|  (1.0000, 2.0000, 3.0000, 4.0000, 5.0000)  |      22      |      42           | (-0.2240, -0.2252, 0.4064, -1.4223, 0.9144)  |    -0.9493     |   0.0070              |
|  (1.0000, 2.0000, 3.0000, 4.0000, 5.0000)  |      23      |      43           | (-0.2243, -0.2251, 0.4063, -1.4224, 0.9144)  |    -0.9493     |   0.0061              |
|  (1.0000, 2.0000, 3.0000, 4.0000, 5.0000)  |      24      |      44           | (-0.2245, -0.2252, 0.4055, -1.4230, 0.9142)  |    -0.9493     |   0.0045              |
|  (1.0000, 2.0000, 3.0000, 4.0000, 5.0000)  |      25      |      46           | (-0.2247, -0.2252, 0.4057, -1.4228, 0.9142)  |    -0.9493     |   0.0030              |
|  (1.0000, 2.0000, 3.0000, 4.0000, 5.0000)  |      26      |      48           | (-0.2248, -0.2251, 0.4058, -1.4227, 0.9143)  |    -0.9493     |   0.0018              |
|  (1.0000, 2.0000, 3.0000, 4.0000, 5.0000)  |      27      |      50           | (-0.2249, -0.2251, 0.4058, -1.4227, 0.9143)  |    -0.9493     |   0.0011              |
|  (1.0000, 2.0000, 3.0000, 4.0000, 5.0000)  |      28      |      51           | (-0.2250, -0.2251, 0.4058, -1.4227, 0.9143)  |    -0.9493     |   0.0008              |
|  (1.0000, 2.0000, 3.0000, 4.0000, 5.0000)  |      29      |      53           | (-0.2250, -0.2251, 0.4058, -1.4227, 0.9143)  |    -0.9493     |   0.0005              |
|  (1.0000, 2.0000, 3.0000, 4.0000, 5.0000)  |      30      |      54           | (-0.2250, -0.2251, 0.4058, -1.4227, 0.9143)  |    -0.9493     |   0.0004              |
|  (1.0000, 2.0000, 3.0000, 4.0000, 5.0000)  |      31      |      55           | (-0.2251, -0.2251, 0.4058, -1.4228, 0.9143)  |    -0.9493     |   0.0003              |
|  (1.0000, 2.0000, 3.0000, 4.0000, 5.0000)  |      32      |      56           | (-0.2251, -0.2251, 0.4058, -1.4227, 0.9143)  |    -0.9493     |   0.0002              |

                               Resultados computacionais pelo Método DFP
|               Ponto inicial                |# de iterações| # de cham. Armijo |              Ponto ótimo atual            |   Valor ótimo  |   Erro de aproximação |
|  (5.0000, 4.0000, 3.0000, 2.0000, 1.0000)  |       1      |       5           | (4.9227, 3.9389, 2.8693, 1.5615, 0.6922)  |    127.3278     |   138.3316              |
|  (5.0000, 4.0000, 3.0000, 2.0000, 1.0000)  |       2      |       8           | (4.0726, 3.2663, 1.0363, 0.3860, 0.5945)  |    57.3306     |   65.9489              |
|  (5.0000, 4.0000, 3.0000, 2.0000, 1.0000)  |       3      |      10           | (1.5277, 1.2095, 0.9330, 0.1030, 0.3608)  |    9.0005     |   22.1994              |
|  (5.0000, 4.0000, 3.0000, 2.0000, 1.0000)  |       4      |      11           | (-0.2300, -0.4710, 0.5357, -0.1701, 0.3823)  |    0.2645     |   6.6962              |
|  (5.0000, 4.0000, 3.0000, 2.0000, 1.0000)  |       5      |      12           | (-0.1220, -0.1496, 0.2918, -0.3607, 0.3773)  |    -0.2625     |   1.7671              |
|  (5.0000, 4.0000, 3.0000, 2.0000, 1.0000)  |       6      |      13           | (-0.2775, -0.1988, -0.0657, -0.6373, 0.3712)  |    -0.8305     |   1.5312              |
|  (5.0000, 4.0000, 3.0000, 2.0000, 1.0000)  |       7      |      15           | (-0.2857, -0.1954, -0.1492, -0.7208, 0.3536)  |    -0.9054     |   0.8840              |
|  (5.0000, 4.0000, 3.0000, 2.0000, 1.0000)  |       8      |      17           | (-0.2774, -0.1946, -0.1746, -0.7618, 0.3308)  |    -0.9307     |   0.6256              |
|  (5.0000, 4.0000, 3.0000, 2.0000, 1.0000)  |       9      |      19           | (-0.2657, -0.1963, -0.1880, -0.7848, 0.3135)  |    -0.9414     |   0.4234              |
|  (5.0000, 4.0000, 3.0000, 2.0000, 1.0000)  |      10      |      21           | (-0.2551, -0.2001, -0.1956, -0.7972, 0.3037)  |    -0.9455     |   0.2679              |
|  (5.0000, 4.0000, 3.0000, 2.0000, 1.0000)  |      11      |      22           | (-0.2271, -0.2163, -0.2116, -0.8200, 0.2866)  |    -0.9479     |   0.1774              |
|  (5.0000, 4.0000, 3.0000, 2.0000, 1.0000)  |      12      |      24           | (-0.2307, -0.2176, -0.2089, -0.8133, 0.2936)  |    -0.9488     |   0.1522              |
|  (5.0000, 4.0000, 3.0000, 2.0000, 1.0000)  |      13      |      25           | (-0.2319, -0.2232, -0.2068, -0.8055, 0.3020)  |    -0.9491     |   0.0784              |
|  (5.0000, 4.0000, 3.0000, 2.0000, 1.0000)  |      14      |      27           | (-0.2290, -0.2232, -0.2079, -0.8078, 0.2999)  |    -0.9492     |   0.0394              |
|  (5.0000, 4.0000, 3.0000, 2.0000, 1.0000)  |      15      |      29           | (-0.2276, -0.2235, -0.2084, -0.8086, 0.2991)  |    -0.9493     |   0.0185              |
|  (5.0000, 4.0000, 3.0000, 2.0000, 1.0000)  |      16      |      30           | (-0.2257, -0.2249, -0.2093, -0.8094, 0.2986)  |    -0.9493     |   0.0143              |
|  (5.0000, 4.0000, 3.0000, 2.0000, 1.0000)  |      17      |      32           | (-0.2263, -0.2249, -0.2090, -0.8088, 0.2992)  |    -0.9493     |   0.0133              |
|  (5.0000, 4.0000, 3.0000, 2.0000, 1.0000)  |      18      |      33           | (-0.2261, -0.2250, -0.2089, -0.8085, 0.2995)  |    -0.9493     |   0.0082              |
|  (5.0000, 4.0000, 3.0000, 2.0000, 1.0000)  |      19      |      34           | (-0.2251, -0.2251, -0.2090, -0.8087, 0.2993)  |    -0.9493     |   0.0053              |
|  (5.0000, 4.0000, 3.0000, 2.0000, 1.0000)  |      20      |      36           | (-0.2254, -0.2251, -0.2089, -0.8084, 0.2996)  |    -0.9493     |   0.0045              |
|  (5.0000, 4.0000, 3.0000, 2.0000, 1.0000)  |      21      |      37           | (-0.2254, -0.2251, -0.2088, -0.8082, 0.2997)  |    -0.9493     |   0.0021              |
|  (5.0000, 4.0000, 3.0000, 2.0000, 1.0000)  |      22      |      39           | (-0.2253, -0.2251, -0.2088, -0.8083, 0.2997)  |    -0.9493     |   0.0012              |
|  (5.0000, 4.0000, 3.0000, 2.0000, 1.0000)  |      23      |      40           | (-0.2251, -0.2251, -0.2088, -0.8083, 0.2997)  |    -0.9493     |   0.0009              |
|  (5.0000, 4.0000, 3.0000, 2.0000, 1.0000)  |      24      |      42           | (-0.2252, -0.2251, -0.2088, -0.8082, 0.2997)  |    -0.9493     |   0.0007              |
|  (5.0000, 4.0000, 3.0000, 2.0000, 1.0000)  |      25      |      43           | (-0.2251, -0.2251, -0.2088, -0.8082, 0.2997)  |    -0.9493     |   0.0004              |
|  (5.0000, 4.0000, 3.0000, 2.0000, 1.0000)  |      26      |      44           | (-0.2251, -0.2251, -0.2088, -0.8082, 0.2997)  |    -0.9493     |   0.0002              |

                               Resultados computacionais pelo Método DFP
|               Ponto inicial                |# de iterações| # de cham. Armijo |              Ponto ótimo atual            |   Valor ótimo  |   Erro de aproximação |
|  (9.0000, 9.0000, 9.0000, 9.0000, 9.0000)  |       1      |       8           | (8.9960, 8.9960, 8.9999, 6.4490, 6.4491)  |    28041.4769     |   32991.2816              |
|  (9.0000, 9.0000, 9.0000, 9.0000, 9.0000)  |       2      |      15           | (8.9826, 8.9826, 8.9761, 4.8775, 4.9032)  |    9749.4500     |   12090.8727              |
|  (9.0000, 9.0000, 9.0000, 9.0000, 9.0000)  |       3      |      21           | (8.9382, 8.9382, 8.6476, 3.1412, 3.3452)  |    2878.6721     |   5112.9450              |
|  (9.0000, 9.0000, 9.0000, 9.0000, 9.0000)  |       4      |      26           | (8.7911, 8.7911, 6.2474, 1.7334, 2.7537)  |    863.5347     |   1340.7201              |
|  (9.0000, 9.0000, 9.0000, 9.0000, 9.0000)  |       5      |      30           | (8.3113, 8.3113, 4.4582, 0.4984, 2.0169)  |    350.0954     |   445.5130              |
|  (9.0000, 9.0000, 9.0000, 9.0000, 9.0000)  |       6      |      33           | (6.8355, 6.8355, 2.5415, -0.1283, 1.9388)  |    199.3311     |   98.2737              |
|  (9.0000, 9.0000, 9.0000, 9.0000, 9.0000)  |       7      |      35           | (2.5325, 2.5325, 2.3169, -0.8898, 1.0272)  |    28.4726     |   50.9532              |
|  (9.0000, 9.0000, 9.0000, 9.0000, 9.0000)  |       8      |      37           | (0.8401, 0.8401, 1.7088, -0.9733, 1.2562)  |    4.5366     |   19.2096              |
|  (9.0000, 9.0000, 9.0000, 9.0000, 9.0000)  |       9      |      39           | (0.3419, 0.3419, 1.5964, -1.0207, 1.2603)  |    1.6599     |   4.8114              |
|  (9.0000, 9.0000, 9.0000, 9.0000, 9.0000)  |      10      |      41           | (0.0140, 0.0140, 1.4882, -1.0703, 1.2625)  |    0.4385     |   3.3126              |
|  (9.0000, 9.0000, 9.0000, 9.0000, 9.0000)  |      11      |      43           | (-0.1443, -0.1443, 1.3979, -1.1146, 1.2628)  |    0.0790     |   2.0095              |
|  (9.0000, 9.0000, 9.0000, 9.0000, 9.0000)  |      12      |      44           | (-0.4374, -0.4374, 1.1129, -1.2592, 1.2616)  |    -0.1473     |   1.4761              |
|  (9.0000, 9.0000, 9.0000, 9.0000, 9.0000)  |      13      |      45           | (-0.3013, -0.3013, 0.9958, -1.3235, 1.2589)  |    -0.5208     |   2.0952              |
|  (9.0000, 9.0000, 9.0000, 9.0000, 9.0000)  |      14      |      46           | (-0.3414, -0.3414, 0.6907, -1.4915, 1.2480)  |    -0.7827     |   1.3978              |
|  (9.0000, 9.0000, 9.0000, 9.0000, 9.0000)  |      15      |      47           | (-0.2050, -0.2050, 0.6416, -1.5810, 1.1786)  |    -0.9284     |   1.2272              |
|  (9.0000, 9.0000, 9.0000, 9.0000, 9.0000)  |      16      |      48           | (-0.2396, -0.2396, 0.5983, -1.6409, 1.1364)  |    -0.9465     |   0.5068              |
|  (9.0000, 9.0000, 9.0000, 9.0000, 9.0000)  |      17      |      50           | (-0.2297, -0.2297, 0.6111, -1.6362, 1.1334)  |    -0.9488     |   0.1909              |
|  (9.0000, 9.0000, 9.0000, 9.0000, 9.0000)  |      18      |      52           | (-0.2264, -0.2264, 0.6151, -1.6356, 1.1311)  |    -0.9492     |   0.0866              |
|  (9.0000, 9.0000, 9.0000, 9.0000, 9.0000)  |      19      |      54           | (-0.2250, -0.2250, 0.6169, -1.6357, 1.1296)  |    -0.9492     |   0.0466              |
|  (9.0000, 9.0000, 9.0000, 9.0000, 9.0000)  |      20      |      56           | (-0.2245, -0.2245, 0.6179, -1.6358, 1.1287)  |    -0.9493     |   0.0260              |
|  (9.0000, 9.0000, 9.0000, 9.0000, 9.0000)  |      21      |      58           | (-0.2245, -0.2245, 0.6184, -1.6359, 1.1282)  |    -0.9493     |   0.0150              |
|  (9.0000, 9.0000, 9.0000, 9.0000, 9.0000)  |      22      |      59           | (-0.2249, -0.2249, 0.6193, -1.6361, 1.1272)  |    -0.9493     |   0.0093              |
|  (9.0000, 9.0000, 9.0000, 9.0000, 9.0000)  |      23      |      61           | (-0.2250, -0.2250, 0.6191, -1.6361, 1.1275)  |    -0.9493     |   0.0040              |
|  (9.0000, 9.0000, 9.0000, 9.0000, 9.0000)  |      24      |      63           | (-0.2251, -0.2251, 0.6190, -1.6361, 1.1275)  |    -0.9493     |   0.0010              |
|  (9.0000, 9.0000, 9.0000, 9.0000, 9.0000)  |      25      |      65           | (-0.2251, -0.2251, 0.6190, -1.6361, 1.1275)  |    -0.9493     |   0.0002              |
|  (9.0000, 9.0000, 9.0000, 9.0000, 9.0000)  |      26      |      66           | (-0.2251, -0.2251, 0.6191, -1.6360, 1.1276)  |    -0.9493     |   0.0001              |

